45.4335868
45.4329859
45.4567653
45.427442199999994
45.43676
45.460308
45.438493699999995
45.4269404
45.4342407
45.416466299999996
45.4573787
45.4318405
45.4291863
45.440379
45.4407388
45.4274573
45.4232659
45.443548199999995
45.446006999999994
45.4181944
45.4468178
45.4319828
45.432837199999994
45.4743271
45.4414662
45.4319828
45.432837199999994
45.4743271
45.4414662
45.434602
45.432866399999995
45.466232399999996
45.4690434
45.4887155
45.384744
45.499357499999995
45.476176599999995
45.4188508
45.4840576
45.4729184
45.4836272
45.4912279
45.496940699999996
45.4891697
45.4347116
45.4672804
45.476199
45.501131
45.3874912
45.486202
45.4744117
45.4728563
45.508058899999995
45.392455399999996
