12.325755899999999
12.3382939
12.357757399999999
12.3587504
12.330411
12.349213599999999
12.330351199999999
12.3591103
12.341187
12.377246699999999
12.353786699999999
12.3734641
12.3566989
12.315954699999999
12.3146955
12.3151257
12.3315849
12.324322299999999
12.3195037
12.3821076
12.3483646
12.3325205
12.349883499999999
12.276037599999999
12.3152595
12.3325205
12.349883499999999
12.276037599999999
12.3152595
12.381146
12.3387765
12.280560399999999
12.280474499999999
12.226528799999999
12.3483032
12.2609032
12.269667
12.2593669
12.244909499999999
12.2752117
12.2645456
12.3219234
12.261163999999999
12.4125743
12.445526599999999
12.218355599999999
12.2051339
12.2698711
12.3526323
12.4133032
12.219894799999999
12.2233255
12.257214099999999
12.2545
